2.89473684211e-07
8.57894736842e-07
4.78947368421e-06
5.26315789474e-09
1e-05
5.73684210526e-09
9.52631578947e-09
7.63157894737e-08
6.21052631579e-09
3.84210526316e-06
3.84210526316e-09
4.31578947368e-08
2.89473684211e-09
2.42105263158e-08
3.36842105263e-08
1.94736842105e-06
3.36842105263e-07
9.05263157895e-09
7.63157894737e-07
4.78947368421e-08
1e-07
8.57894736842e-06
8.10526315789e-09
4.31578947368e-06
6.21052631579e-08
1.94736842105e-07
9.05263157895e-07
7.15789473684e-09
4.78947368421e-07
5.26315789474e-07
1.47368421053e-07
7.63157894737e-09
7.15789473684e-07
1.47368421053e-06
1.47368421053e-09
5.73684210526e-06
5.73684210526e-07
1.94736842105e-09
9.05263157895e-06
9.52631578947e-07
6.68421052632e-07
8.57894736842e-08
6.68421052632e-09
1e-09
2.42105263158e-09
6.21052631579e-06
3.84210526316e-08
4.31578947368e-07
2.42105263158e-06
8.10526315789e-07
7.63157894737e-06
7.15789473684e-06
3.36842105263e-09
3.84210526316e-07
5.26315789474e-08
5.73684210526e-08
2.89473684211e-06
2.89473684211e-08
7.15789473684e-08
2.42105263158e-07
6.21052631579e-07
9.05263157895e-08
1e-08
6.68421052632e-08
8.57894736842e-09
9.52631578947e-08
4.31578947368e-09
3.36842105263e-06
5.26315789474e-06
1.94736842105e-08
9.52631578947e-06
8.10526315789e-08
6.68421052632e-06
8.10526315789e-06
1e-06
1.47368421053e-08
4.78947368421e-09
